1775606186721 0.1778584762380041 1
1775606186724 0.09764361009001732 2
1775606186726 0.06886039070528129 3
1775606186728 0.053475833144681205 4
1775606186729 0.04028419636446854 5
1775606186731 0.027903874332470626 6
1775606186733 0.01743985891566965 7
1775606186735 0.013478484614912805 8
1775606186737 0.008500748550808379 9
1775606186739 0.007012129133037324 10
1775606186742 0.005844139198949239 11
1775606186747 0.007143729231882326 12
1775606186749 0.005857375000828299 13
1775606186751 0.005005848022972651 14
1775606186753 0.003153268523576493 15
1775606186755 0.0037688905642175212 16
1775606186756 0.0029676974869477725 17
1775606186759 0.0024431617569242573 18
1775606186761 0.0033271551460372925 19
1775606186763 0.0025382341630355424 20
