1775606186721 0.46277325420544063 1
1775606186724 0.1978550286128603 2
1775606186726 0.1595475897192955 3
1775606186728 0.1552967483113552 4
1775606186729 0.1432767330572523 5
1775606186731 0.13896123242789302 6
1775606186733 0.13474835532492604 7
1775606186735 0.13075812238043752 8
1775606186737 0.12397361623829808 9
1775606186739 0.1205613605421165 10
1775606186742 0.11720062021551461 11
1775606186747 0.1137747887907357 12
1775606186749 0.11137573446693091 13
1775606186751 0.10988717449122462 14
1775606186753 0.10641890173328333 15
1775606186755 0.10523012152005887 16
1775606186756 0.10555178209625442 17
1775606186759 0.10245286108090959 18
1775606186761 0.10324365029047275 19
1775606186763 0.10349973702225192 20
