1775606186721 0.08152380853827143 1
1775606186724 0.04680310735671685 2
1775606186726 0.03695116249908661 3
1775606186728 0.02785852252794751 4
1775606186729 0.02011217946861068 5
1775606186731 0.014753725307447643 6
1775606186733 0.008119569918750945 7
1775606186735 0.007941453059300267 8
1775606186737 0.005449248270075447 9
1775606186739 0.004278179741833873 10
1775606186742 0.0037227298929918043 11
1775606186747 0.0034581360383087703 12
1775606186749 0.0023013038293795726 13
1775606186751 0.003060472161701784 14
1775606186753 0.0022869540763826206 15
1775606186755 0.002030039796754236 16
1775606186756 0.002463420981978837 17
1775606186759 0.0016611096517439804 18
1775606186761 0.002234003674700567 19
1775606186763 0.0023438305622127294 20
