1775606186721 0.9447074419465559 1
1775606186724 0.5441227596381615 2
1775606186726 0.4848214429000328 3
1775606186728 0.3926817060544573 4
1775606186729 0.2981083847839257 5
1775606186731 0.19520274909405871 6
1775606186733 0.13984516218047718 7
1775606186735 0.103624876026578 8
1775606186737 0.08119830868110575 9
1775606186739 0.047856955018279884 10
1775606186742 0.04611187281311843 11
1775606186747 0.041545907693818725 12
1775606186749 0.031828511586605476 13
1775606186751 0.021556668605751776 14
1775606186753 0.018914017051554703 15
1775606186755 0.014371025653010041 16
1775606186756 0.01599447105826553 17
1775606186759 0.015126771727127248 18
1775606186761 0.016235853113828164 19
1775606186763 0.011749202373501813 20
