1775606186721 0.36536621687741117 1
1775606186724 0.12017417236648757 2
1775606186726 0.09850172775572744 3
1775606186728 0.08849378713759883 4
1775606186729 0.08098068242443018 5
1775606186731 0.07451905014699903 6
1775606186733 0.06573523915019529 7
1775606186735 0.06673364495408945 8
1775606186737 0.05986005311896061 9
1775606186739 0.05256282037188267 10
1775606186742 0.04796445671597432 11
1775606186747 0.0432838815553435 12
1775606186749 0.046106012281158876 13
1775606186751 0.04059780655621455 14
1775606186753 0.03695825333225316 15
1775606186755 0.03224583785852481 16
1775606186756 0.030934425263569272 17
1775606186759 0.030558534062885005 18
1775606186761 0.031420159474785984 19
1775606186763 0.028161656528968234 20
