1775606186721 0.2213713064275939 1
1775606186724 0.10949915107981913 2
1775606186726 0.0915022032528088 3
1775606186728 0.07756038639565994 4
1775606186729 0.06315596253964408 5
1775606186731 0.04930848191524374 6
1775606186733 0.04015577886382054 7
1775606186735 0.03554274437242541 8
1775606186737 0.030802707541091687 9
1775606186739 0.025988977595136083 10
1775606186742 0.024720601159436948 11
1775606186747 0.023553326597501492 12
1775606186749 0.022267276806564165 13
1775606186751 0.02045883254372868 14
1775606186753 0.01905918086011862 15
1775606186755 0.018057638072761995 16
1775606186756 0.018050599650576198 17
1775606186759 0.01739545869801579 18
1775606186761 0.01787731279458465 19
1775606186763 0.017026172308572406 20
