1775606186808 1.5126047942597987 1
1775606186811 1.0578588398836426 2
1775606186813 0.7583980883582163 3
1775606186815 0.5556783125562182 4
1775606186817 0.37067157080618 5
1775606186820 0.2618693032507169 6
1775606186822 0.16053648305646442 7
1775606186824 0.11418457957521333 8
1775606186826 0.08254144239728733 9
1775606186829 0.0646937844043566 10
1775606186831 0.05130517209674847 11
1775606186832 0.036508557998370064 12
1775606186834 0.03409932124412666 13
1775606186836 0.03042283097787176 14
1775606186838 0.0258693807340085 15
1775606186840 0.023425560819490227 16
1775606186842 0.02904929719486479 17
1775606186844 0.0244855483267772 18
1775606186846 0.021701059156192182 19
1775606186848 0.016332061823173347 20
1775606186850 0.0204467628845724 21
1775606186852 0.018308666353192875 22
1775606186854 0.019547723977573973 23
1775606186857 0.021262022135858188 24
1775606186859 0.016831605454464837 25
1775606186861 0.01866551252847569 26
1775606186864 0.01919736298811385 27
1775606186866 0.017678201991780582 28
1775606186868 0.01605123676896348 29
1775606186870 0.01568470402399741 30
