1775606186808 0.5787669975878829 1
1775606186811 0.31560509715039853 2
1775606186813 0.23571922996286618 3
1775606186815 0.17781540385242237 4
1775606186817 0.11254528726814157 5
1775606186820 0.08639245606580023 6
1775606186822 0.05473520308417284 7
1775606186824 0.04045136014031152 8
1775606186826 0.030938542818934735 9
1775606186829 0.02471037063810785 10
1775606186831 0.015564703808750137 11
1775606186832 0.013748030272959653 12
1775606186834 0.011597272359876561 13
1775606186836 0.011995136416201495 14
1775606186838 0.009506176269250148 15
1775606186840 0.012952072557724886 16
1775606186842 0.009837897784487045 17
1775606186844 0.009289728067183898 18
1775606186846 0.007302318909797438 19
1775606186848 0.007018776606547378 20
1775606186850 0.006634628684338876 21
1775606186852 0.008360372239652768 22
1775606186854 0.005606349342565794 23
1775606186857 0.005532327905234139 24
1775606186859 0.005524399528532463 25
1775606186861 0.0046330569921183735 26
1775606186864 0.006244950542044905 27
1775606186866 0.006790327661970662 28
1775606186868 0.004355609070675416 29
1775606186870 0.00464300163705849 30
