1775606186808 0.061821644667978 1
1775606186811 0.039972548499324564 2
1775606186813 0.03390669116308376 3
1775606186815 0.025760864349618808 4
1775606186817 0.017288271815247707 5
1775606186820 0.010308562075498245 6
1775606186822 0.008497416035872016 7
1775606186824 0.004728271426648786 8
1775606186826 0.003317497517732051 9
1775606186829 0.003317436428791922 10
1775606186831 0.002562730505537652 11
1775606186832 0.0021583282828263905 12
1775606186834 0.0021684925879403094 13
1775606186836 0.0015816051602734536 14
1775606186838 0.0018364138683201587 15
1775606186840 0.0022173807033834883 16
1775606186842 0.0017663109381643707 17
1775606186844 0.0016308244220592809 18
1775606186846 0.0021204460778281534 19
1775606186848 0.0011449906924715803 20
1775606186850 0.0009318687692846929 21
1775606186852 0.00113393777736731 22
1775606186854 0.0014656272776507756 23
1775606186857 0.0011765177798717897 24
1775606186859 0.0009007634505258589 25
1775606186861 0.0011209733720071676 26
1775606186864 0.0014485054608346633 27
1775606186866 0.0013720039248055092 28
1775606186868 0.0011812158522612446 29
1775606186870 0.0012231746483031833 30
