1775606186808 1.2228869422007416 1
1775606186811 0.8224887787285498 2
1775606186813 0.701373339709589 3
1775606186815 0.5784541585687863 4
1775606186817 0.461452556868731 5
1775606186820 0.33889480566574354 6
1775606186822 0.24077895801451246 7
1775606186824 0.19240993974825082 8
1775606186826 0.14641737710621397 9
1775606186829 0.10793512032004231 10
1775606186831 0.08279420492255081 11
1775606186832 0.06960340993384183 12
1775606186834 0.054203158133994726 13
1775606186836 0.04506226434861704 14
1775606186838 0.04553517284092762 15
1775606186840 0.03808096109621101 16
1775606186842 0.034696432951269514 17
1775606186844 0.03249932364639589 18
1775606186846 0.02951383343660983 19
1775606186848 0.026666010801001627 20
1775606186850 0.03369888329436466 21
1775606186852 0.02869929495599058 22
1775606186854 0.026063379713223648 23
1775606186857 0.025060373350535913 24
1775606186859 0.023186452181662542 25
1775606186861 0.024994597411162014 26
1775606186864 0.021321763986942625 27
1775606186866 0.021530968618531852 28
1775606186868 0.019595764166975425 29
1775606186870 0.021426442876395026 30
