1775606186808 0.2946708662024999 1
1775606186811 0.16760390075081485 2
1775606186813 0.15361419673693383 3
1775606186815 0.14253896942078056 4
1775606186817 0.1317168102931168 5
1775606186820 0.126769487635564 6
1775606186822 0.11373501574083911 7
1775606186824 0.10635672490728104 8
1775606186826 0.09879494976189176 9
1775606186829 0.09635076842318147 10
1775606186831 0.09065603338560815 11
1775606186832 0.0874263421332432 12
1775606186834 0.08334665189860231 13
1775606186836 0.07740859182204231 14
1775606186838 0.07419945242798935 15
1775606186840 0.07373970589142735 16
1775606186842 0.0723541324674073 17
1775606186844 0.06721612621667021 18
1775606186846 0.06841460122900495 19
1775606186848 0.07004539494923616 20
1775606186850 0.06755616929445227 21
1775606186852 0.06459446598665189 22
1775606186854 0.06395265156939878 23
1775606186857 0.06165822551159535 24
1775606186859 0.06410980925469076 25
1775606186861 0.06187396433393834 26
1775606186864 0.06223911769940692 27
1775606186866 0.06161431614625252 28
1775606186868 0.06305251873524512 29
1775606186870 0.06139379222009141 30
