1775606186808 0.42626557461285997 1
1775606186811 0.2772903467639018 2
1775606186813 0.21525508013822264 3
1775606186815 0.16802910740597773 4
1775606186817 0.12240814619650275 5
1775606186820 0.09198047050227554 6
1775606186822 0.06377579840057987 7
1775606186824 0.05011934752307706 8
1775606186826 0.039398737251758575 9
1775606186829 0.032230142882819904 10
1775606186831 0.02609262310789298 11
1775606186832 0.02236203980332209 12
1775606186834 0.01980333978910062 13
1775606186836 0.017855256748527795 14
1775606186838 0.016687356014499218 15
1775606186840 0.016157683087670703 16
1775606186842 0.015843288207395098 17
1775606186844 0.014466352602940494 18
1775606186846 0.013704363083056474 19
1775606186848 0.012798303635633093 20
1775606186850 0.013667498186420081 21
1775606186852 0.012893865832080275 22
1775606186854 0.012334845297164837 23
1775606186857 0.012170803606889005 24
1775606186859 0.011668155230266057 25
1775606186861 0.011733773645897538 26
1775606186864 0.011741364982484256 27
1775606186866 0.011591662352873107 28
1775606186868 0.010962439819349575 29
1775606186870 0.010982955837527574 30
